// 每周只需改这里！把新的一行数据加进来就行
const data = [
  ["日期","总展现","广告展现","自然展现","总访客","询盘数","接待人数"],
  [45962,645,498,147,10,0,0],
  [45963,490,475,15,10,0,0],
  [45964,3696,3592,104,84,2,2],
  [45965,3965,3856,109,127,2,3],
  [45966,2911,2692,219,74,3,5],
  [45967,2354,2246,108,79,2,2],
  [45968,3389,3245,144,83,2,2],
  [45969,3140,2973,167,63,0,0],
  [45970,914,856,58,21,0,0],
  [45971,4184,3948,236,77,4,5],
  [45972,6360,6231,129,146,4,5],
  [45973,338,157,181,24,4,7],
  [45974,288,112,176,27,2,5],
  [45975,2980,2847,133,40,3,3],
  [45976,1703,1610,93,48,1,3],
  [45977,149,68,81,4,0,0],
  [45978,2920,2526,394,54,1,1],
  [45979,2889,2715,174,78,2,2],
  [45980,2653,2314,339,86,2,3],
  [45981,1879,1640,239,50,7,8],
  [45982,2061,1853,208,50,5,7],
  [45983,1061,828,233,50,4,6],
  [45984,677,627,50,9,1,1],
  // ↓ 每周在这里加新数据就行！
];
